1213512151512151154169214546121165416312654316813131532135135132186632458431864321683231512135213
2213512343112151154169214546121165416312654316813132186632458431864321683231512135213532135121351
3213512151512151154169214546121165416312654316813132186632458431864321683231512135213532135121351
4135121515121511541692145461211654163126543168131321866324584318643216832315121352135321351213516
5213512158663245843186431512151154169214546121165416312654316813132121683231512135213532135121351
7213512151512151154169214546121165416312654316813132186632458431864321683231512135213532135121351
1213512151512151154169214546121165416312654316813132186632458431864321683231512135213532135121351
3213512151512151154169214546654316813132186632458431864321683231512135121165416312213532135121351
1213512151512153135169214546121165416312654316813132186632458431864321683231512135213532135121351
3213512143186432168323515121511541692145461211654163126543168131321866324581512135213532135121351
1213512151512151154169214546121165416312654316813132186632458431864321683231512135213532135121351
3213512151512151154169214546121165416312654316813132186632458431864321683231512135213532135121351
5213512151512151154169214546121165416312654316813132186632458431864321683231512135213532135121351
7213512151516432168323151213522151154169214546121165416312654316813132186632458431813532135121351
8213512151512151154169214546121165416312654316813132186632458431864321683231512135213532135121351
1232458431864321351215151215115416921454612116541631265431681313218661683231512135213532135121351
3213512151512151154169214546121165416312654316813132186632458431864321683231512135213532135121351
1213512151512151154169214546121165416312654316813132186632458431864321683231512135213532135121351
4224584318643216813512151512151154169214546121165416312654316813132186633231512135213532135121351
5213512151512151154169214546121165416312654316813132186632458431864321683231512135213532135121351
7432168323151213121351215151215115416921454612116541631265431681313218663245843185213532135121351
